bm\_finalproject
================
Coco
12/7/2018

Read data
---------

Exploratory Analysis
--------------------

``` r
cor(num_df) %>% knitr::kable()
```

|                         |  avg\_ann\_count|  avg\_deaths\_per\_year|  target\_death\_rate|  incidence\_rate|  med\_income|  pop\_est2015|  poverty\_percent|  study\_per\_cap|  median\_age|  avg\_household\_size|  percent\_married|  pct\_bach\_deg18\_24|  pct\_bach\_deg25\_over|  pct\_employed16\_over|  pct\_unemployed16\_over|  birth\_rate|  median\_inc|  pct\_no\_cov|  black\_high\_ind|
|-------------------------|----------------:|-----------------------:|--------------------:|----------------:|------------:|-------------:|-----------------:|----------------:|------------:|---------------------:|-----------------:|---------------------:|-----------------------:|----------------------:|------------------------:|------------:|------------:|-------------:|-----------------:|
| avg\_ann\_count         |        1.0000000|               0.9382324|           -0.1339480|        0.0747173|    0.2505272|     0.9275658|        -0.0885992|        0.0762519|   -0.0229115|             0.0848187|        -0.1655274|             0.2688210|               0.3071750|              0.1662126|                0.0545340|   -0.0411180|    0.2282581|    -0.2181420|         0.1171253|
| avg\_deaths\_per\_year  |        0.9382324|               1.0000000|           -0.0851532|        0.0633721|    0.2144815|     0.9797042|        -0.0196484|        0.0530066|   -0.0254858|             0.1076423|        -0.2410169|             0.2521097|               0.2886537|              0.0962653|                0.1326806|   -0.0831509|    0.2021459|    -0.1896046|         0.1796549|
| target\_death\_rate     |       -0.1339480|              -0.0851532|            1.0000000|        0.3953059|   -0.3605578|    -0.1150993|         0.3513716|       -0.0293587|    0.0142876|            -0.0424271|        -0.2211551|            -0.2490342|              -0.4644337|             -0.3560154|                0.3281160|   -0.0868656|   -0.3286698|     0.1558121|         0.1757894|
| incidence\_rate         |        0.0747173|               0.0633721|            0.3953059|        1.0000000|    0.0224035|     0.0257125|        -0.0229473|        0.0701454|    0.0245092|            -0.1203914|        -0.1445795|             0.0826459|              -0.0073560|              0.0084221|                0.0935346|   -0.1202647|    0.0165010|    -0.2235092|         0.1261541|
| med\_income             |        0.2505272|               0.2144815|           -0.3605578|        0.0224035|    1.0000000|     0.2257442|        -0.7604683|        0.0189502|   -0.0288561|             0.1593060|         0.2562195|             0.4625371|               0.6672572|              0.6385020|               -0.3440161|   -0.0192905|    0.9153934|    -0.5940330|        -0.0588084|
| pop\_est2015            |        0.9275658|               0.9797042|           -0.1150993|        0.0257125|    0.2257442|     1.0000000|        -0.0238114|        0.0452891|   -0.0241928|             0.1248059|        -0.2112515|             0.2388230|               0.2905393|              0.1165067|                0.1026772|   -0.0653789|    0.2112351|    -0.1863353|         0.1560494|
| poverty\_percent        |       -0.0885992|              -0.0196484|            0.3513716|       -0.0229473|   -0.7604683|    -0.0238114|         1.0000000|       -0.0330405|   -0.0149776|             0.0293557|        -0.5837952|            -0.3368828|              -0.4711736|             -0.6885556|                0.5694729|   -0.0269168|   -0.6882453|     0.4664597|         0.2974097|
| study\_per\_cap         |        0.0762519|               0.0530066|           -0.0293587|        0.0701454|    0.0189502|     0.0452891|        -0.0330405|        1.0000000|   -0.0256269|             0.0039111|        -0.0622367|             0.0445682|               0.0918645|              0.0697429|               -0.0214334|    0.0134288|    0.0042065|    -0.0815652|        -0.0113105|
| median\_age             |       -0.0229115|              -0.0254858|            0.0142876|        0.0245092|   -0.0288561|    -0.0241928|        -0.0149776|       -0.0256269|    1.0000000|            -0.0402771|         0.0391130|            -0.0029153|              -0.0229929|             -0.0374468|                0.0180069|   -0.0030421|   -0.0175570|     0.0736906|        -0.0100323|
| avg\_household\_size    |        0.0848187|               0.1076423|           -0.0424271|       -0.1203914|    0.1593060|     0.1248059|         0.0293557|        0.0039111|   -0.0402771|             1.0000000|        -0.0678970|            -0.0452432|               0.0392404|              0.0463391|                0.1144270|    0.0581158|    0.1566094|    -0.0519498|         0.0606025|
| percent\_married        |       -0.1655274|              -0.2410169|           -0.2211551|       -0.1445795|    0.2562195|    -0.2112515|        -0.5837952|       -0.0622367|    0.0391130|            -0.0678970|         1.0000000|            -0.0338378|               0.0041307|              0.3257922|               -0.4896732|    0.1682994|    0.2285568|     0.0012197|        -0.4439122|
| pct\_bach\_deg18\_24    |        0.2688210|               0.2521097|           -0.2490342|        0.0826459|    0.4625371|     0.2388230|        -0.3368828|        0.0445682|   -0.0029153|            -0.0452432|        -0.0338378|             1.0000000|               0.5840973|              0.4324662|               -0.2570606|   -0.1267955|    0.3925583|    -0.4293453|         0.0418473|
| pct\_bach\_deg25\_over  |        0.3071750|               0.2886537|           -0.4644337|       -0.0073560|    0.6672572|     0.2905393|        -0.4711736|        0.0918645|   -0.0229929|             0.0392404|         0.0041307|             0.5840973|               1.0000000|              0.5655875|               -0.3061265|   -0.1074720|    0.6117288|    -0.4762872|         0.0237588|
| pct\_employed16\_over   |        0.1662126|               0.0962653|           -0.3560154|        0.0084221|    0.6385020|     0.1165067|        -0.6885556|        0.0697429|   -0.0374468|             0.0463391|         0.3257922|             0.4324662|               0.5655875|              1.0000000|               -0.6148784|    0.0885339|    0.5824115|    -0.5967376|        -0.2040602|
| pct\_unemployed16\_over |        0.0545340|               0.1326806|            0.3281160|        0.0935346|   -0.3440161|     0.1026772|         0.5694729|       -0.0214334|    0.0180069|             0.1144270|        -0.4896732|            -0.2570606|              -0.3061265|             -0.6148784|                1.0000000|   -0.1051723|   -0.2965504|     0.2745192|         0.3353566|
| birth\_rate             |       -0.0411180|              -0.0831509|           -0.0868656|       -0.1202647|   -0.0192905|    -0.0653789|        -0.0269168|        0.0134288|   -0.0030421|             0.0581158|         0.1682994|            -0.1267955|              -0.1074720|              0.0885339|               -0.1051723|    1.0000000|   -0.0158434|     0.1026472|        -0.0943566|
| median\_inc             |        0.2282581|               0.2021459|           -0.3286698|        0.0165010|    0.9153934|     0.2112351|        -0.6882453|        0.0042065|   -0.0175570|             0.1566094|         0.2285568|             0.3925583|               0.6117288|              0.5824115|               -0.2965504|   -0.0158434|    1.0000000|    -0.5431717|        -0.0384391|
| pct\_no\_cov            |       -0.2181420|              -0.1896046|            0.1558121|       -0.2235092|   -0.5940330|    -0.1863353|         0.4664597|       -0.0815652|    0.0736906|            -0.0519498|         0.0012197|            -0.4293453|              -0.4762872|             -0.5967376|                0.2745192|    0.1026472|   -0.5431717|     1.0000000|         0.0157736|
| black\_high\_ind        |        0.1171253|               0.1796549|            0.1757894|        0.1261541|   -0.0588084|     0.1560494|         0.2974097|       -0.0113105|   -0.0100323|             0.0606025|        -0.4439122|             0.0418473|               0.0237588|             -0.2040602|                0.3353566|   -0.0943566|   -0.0384391|     0.0157736|         1.0000000|

``` r
bach = num_df %>% 
  ggplot(aes(x = target_death_rate, y  = pct_bach_deg25_over)) + 
  geom_point()

inc = num_df %>% 
  ggplot(aes(x = target_death_rate, y  = incidence_rate)) + 
  geom_point()

income = num_df %>% 
  ggplot(aes(x = target_death_rate, y  = med_income)) + 
  geom_point()

employ = num_df %>% 
  ggplot(aes(x = target_death_rate, y  = pct_employed16_over)) + 
  geom_point()

(bach + inc) / (income + employ)
```

![](bm_finalproject_files/figure-markdown_github/unnamed-chunk-2-1.png)

stepwise
--------

``` r
full_model = lm(target_death_rate ~ ., data = num_df)
summary(full_model)

step_model <- stepAIC(full_model, direction = "both", 
                      trace = FALSE)
summary(step_model)
vif(step_model)
step_model<- update(step_model,.~.-avg_deaths_per_year)
step_model_ours<- update(step_model,.~.-pop_est2015)
step_model_plus<- update(step_model_ours,.~.+black_high_ind*incidence_rate)
step_model_plus<- update(step_model_plus,.~.+pct_no_cov)
```

``` r
summary(step_model_ours)
```

    ## 
    ## Call:
    ## lm(formula = target_death_rate ~ avg_ann_count + incidence_rate + 
    ##     poverty_percent + percent_married + pct_bach_deg25_over + 
    ##     pct_unemployed16_over + birth_rate + black_high_ind, data = num_df)
    ## 
    ## Residuals:
    ##      Min       1Q   Median       3Q      Max 
    ## -106.944  -11.216   -0.425   10.734  137.092 
    ## 
    ## Coefficients:
    ##                         Estimate Std. Error t value Pr(>|t|)    
    ## (Intercept)            1.266e+02  9.249e+00  13.684  < 2e-16 ***
    ## avg_ann_count         -9.887e-04  3.067e-04  -3.223 0.001286 ** 
    ## incidence_rate         1.832e-01  8.667e-03  21.139  < 2e-16 ***
    ## poverty_percent        3.425e-01  1.359e-01   2.520 0.011797 *  
    ## percent_married       -2.343e-01  1.012e-01  -2.315 0.020707 *  
    ## pct_bach_deg25_over   -1.921e+00  1.054e-01 -18.238  < 2e-16 ***
    ## pct_unemployed16_over  6.863e-01  1.849e-01   3.711 0.000212 ***
    ## birth_rate            -7.779e-01  2.183e-01  -3.564 0.000374 ***
    ## black_high_ind         3.994e+00  1.126e+00   3.548 0.000397 ***
    ## ---
    ## Signif. codes:  0 '***' 0.001 '**' 0.01 '*' 0.05 '.' 0.1 ' ' 1
    ## 
    ## Residual standard error: 19.59 on 2083 degrees of freedom
    ## Multiple R-squared:  0.4163, Adjusted R-squared:  0.4141 
    ## F-statistic: 185.7 on 8 and 2083 DF,  p-value: < 2.2e-16

``` r
summary(step_model_plus)
```

    ## 
    ## Call:
    ## lm(formula = target_death_rate ~ avg_ann_count + incidence_rate + 
    ##     poverty_percent + percent_married + pct_bach_deg25_over + 
    ##     pct_unemployed16_over + birth_rate + black_high_ind + pct_no_cov + 
    ##     incidence_rate:black_high_ind, data = num_df)
    ## 
    ## Residuals:
    ##    Min     1Q Median     3Q    Max 
    ## -89.73 -11.36  -0.49  10.78 136.59 
    ## 
    ## Coefficients:
    ##                                 Estimate Std. Error t value Pr(>|t|)    
    ## (Intercept)                    1.224e+02  9.707e+00  12.609  < 2e-16 ***
    ## avg_ann_count                 -1.023e-03  3.071e-04  -3.330 0.000885 ***
    ## incidence_rate                 1.941e-01  1.013e-02  19.155  < 2e-16 ***
    ## poverty_percent                3.984e-01  1.452e-01   2.745 0.006112 ** 
    ## percent_married               -2.228e-01  1.044e-01  -2.134 0.032964 *  
    ## pct_bach_deg25_over           -1.909e+00  1.081e-01 -17.666  < 2e-16 ***
    ## pct_unemployed16_over          6.850e-01  1.859e-01   3.684 0.000235 ***
    ## birth_rate                    -7.546e-01  2.183e-01  -3.457 0.000557 ***
    ## black_high_ind                 2.720e+01  9.172e+00   2.965 0.003060 ** 
    ## pct_no_cov                    -7.527e-02  9.811e-02  -0.767 0.443086    
    ## incidence_rate:black_high_ind -5.099e-02  2.001e-02  -2.548 0.010900 *  
    ## ---
    ## Signif. codes:  0 '***' 0.001 '**' 0.01 '*' 0.05 '.' 0.1 ' ' 1
    ## 
    ## Residual standard error: 19.56 on 2081 degrees of freedom
    ## Multiple R-squared:  0.4183, Adjusted R-squared:  0.4155 
    ## F-statistic: 149.7 on 10 and 2081 DF,  p-value: < 2.2e-16

``` r
vif(step_model)
```

    ##         avg_ann_count        incidence_rate           pop_est2015 
    ##              7.591006              1.094337              7.645096 
    ##       poverty_percent       percent_married   pct_bach_deg25_over 
    ##              2.565116              2.167579              1.685273 
    ## pct_unemployed16_over            birth_rate        black_high_ind 
    ##              1.684463              1.063198              1.299749

``` r
vif(step_model_plus)
```

    ##                 avg_ann_count                incidence_rate 
    ##                      1.168274                      1.470170 
    ##               poverty_percent               percent_married 
    ##                      2.922602                      2.311005 
    ##           pct_bach_deg25_over         pct_unemployed16_over 
    ##                      1.769540                      1.701674 
    ##                    birth_rate                black_high_ind 
    ##                      1.062284                     86.214943 
    ##                    pct_no_cov incidence_rate:black_high_ind 
    ##                      1.673038                     88.098191

Backward elimination
--------------------

``` r
back_model <- step(full_model, direction = "backward", trace=FALSE ) 
summary(back_model)
vif(back_model)
```

backward elimination suggest the same with stepwise

Forward elimination
-------------------

``` r
null<- lm(target_death_rate ~ 1, data = num_df)
for_model <- step(null, scope=list(lower=null, upper=full_model), direction="forward")
summary(for_model)
vif(for_model)
for_model<- update(for_model,.~.-avg_deaths_per_year)
for_model<- update(for_model,.~.-pop_est2015)
for_model<- update(for_model,.~.+black_high_ind*incidence_rate)
```

``` r
summary(for_model)
```

    ## 
    ## Call:
    ## lm(formula = target_death_rate ~ pct_bach_deg25_over + incidence_rate + 
    ##     percent_married + pct_unemployed16_over + black_high_ind + 
    ##     birth_rate + avg_ann_count + poverty_percent + incidence_rate:black_high_ind, 
    ##     data = num_df)
    ## 
    ## Residuals:
    ##     Min      1Q  Median      3Q     Max 
    ## -90.191 -11.355  -0.401  10.833 136.807 
    ## 
    ## Coefficients:
    ##                                 Estimate Std. Error t value Pr(>|t|)    
    ## (Intercept)                    1.209e+02  9.495e+00  12.728  < 2e-16 ***
    ## pct_bach_deg25_over           -1.892e+00  1.058e-01 -17.884  < 2e-16 ***
    ## incidence_rate                 1.957e-01  9.906e-03  19.755  < 2e-16 ***
    ## percent_married               -2.428e-01  1.011e-01  -2.401 0.016435 *  
    ## pct_unemployed16_over          6.693e-01  1.848e-01   3.622 0.000299 ***
    ## black_high_ind                 2.753e+01  9.161e+00   3.004 0.002692 ** 
    ## birth_rate                    -7.613e-01  2.181e-01  -3.491 0.000491 ***
    ## avg_ann_count                 -1.006e-03  3.064e-04  -3.285 0.001037 ** 
    ## poverty_percent                3.592e-01  1.358e-01   2.644 0.008254 ** 
    ## incidence_rate:black_high_ind -5.172e-02  1.998e-02  -2.588 0.009718 ** 
    ## ---
    ## Signif. codes:  0 '***' 0.001 '**' 0.01 '*' 0.05 '.' 0.1 ' ' 1
    ## 
    ## Residual standard error: 19.56 on 2082 degrees of freedom
    ## Multiple R-squared:  0.4182, Adjusted R-squared:  0.4157 
    ## F-statistic: 166.3 on 9 and 2082 DF,  p-value: < 2.2e-16

``` r
vif(for_model)
```

    ##           pct_bach_deg25_over                incidence_rate 
    ##                      1.696786                      1.405796 
    ##               percent_married         pct_unemployed16_over 
    ##                      2.167521                      1.681153 
    ##                black_high_ind                    birth_rate 
    ##                     86.027152                      1.060582 
    ##                 avg_ann_count               poverty_percent 
    ##                      1.162779                      2.559924 
    ## incidence_rate:black_high_ind 
    ##                     87.896436

<https://www.cancer.org/latest-news/facts-and-figures-2018-rate-of-deaths-from-cancer-continues-decline.html>

### Lasso Regression

``` r
# Try a grid of values for lambda: from 10^-2 to 10^5

grid <- 10^seq(5,-2, length=100)

Y <- num_df[,3]

X <- 
  model.matrix(target_death_rate ~ avg_ann_count + incidence_rate + poverty_percent + percent_married + pct_bach_deg25_over + pct_unemployed16_over + birth_rate + black_high_ind + incidence_rate*black_high_ind , data = num_df)

set.seed(1)

train<-sample(1:nrow(X),nrow(X)/2)

test<-(-train)

Y.test<-Y[test]



lasso1<- glmnet(X[train ,],Y[train], alpha =1, lambda =grid)

# Cross-validation
set.seed(2)
cv.out<-cv.glmnet(X[train,],Y[train])
plot(cv.out)
```

![](bm_finalproject_files/figure-markdown_github/unnamed-chunk-8-1.png)

``` r
# Fit a Lasso model with all observations with the best lambda

best.lambda<-cv.out$lambda.min

lasso2<- glmnet(X[train ,],Y[train], alpha =1, lambda=best.lambda)
lasso.cv<- cv.glmnet(X[train ,],Y[train], alpha = 1)
coef(lasso.cv)
```

    ## 11 x 1 sparse Matrix of class "dgCMatrix"
    ##                                          1
    ## (Intercept)                   131.18870105
    ## (Intercept)                     .         
    ## avg_ann_count                   .         
    ## incidence_rate                  0.12630869
    ## poverty_percent                 0.36789827
    ## percent_married                -0.04694824
    ## pct_bach_deg25_over            -1.42718268
    ## pct_unemployed16_over           0.62956329
    ## birth_rate                      .         
    ## black_high_ind                  .         
    ## incidence_rate:black_high_ind   .

``` r
summary(lasso2)
```

    ##           Length Class     Mode   
    ## a0         1     -none-    numeric
    ## beta      10     dgCMatrix S4     
    ## df         1     -none-    numeric
    ## dim        2     -none-    numeric
    ## lambda     1     -none-    numeric
    ## dev.ratio  1     -none-    numeric
    ## nulldev    1     -none-    numeric
    ## npasses    1     -none-    numeric
    ## jerr       1     -none-    numeric
    ## offset     1     -none-    logical
    ## call       5     -none-    call   
    ## nobs       1     -none-    numeric

Outliers Using Studentized Residuals
------------------------------------

``` r
stu_res_step = rstandard(step_model)
outliers_y_step = stu_res_step[abs(stu_res_step) > 2.5]
outliers_y_step
```

    ##       116       119       122       124       264       282       466 
    ##  4.201182 -3.245450  3.199951 -3.109051 -2.586700 -5.708013  2.619744 
    ##       469       476       514       522       597       621       627 
    ##  2.666513 -2.598101 -2.796558  3.241169 -2.667841 -2.705309  3.691749 
    ##       650       666       775       783       803       921      1174 
    ## -3.355427  2.703718  3.231077 -3.220895 -2.679156 -3.205362  2.525425 
    ##      1217      1221      1304      1331      1345      1366      1445 
    ##  2.824479  7.018962 -2.534414 -2.723425 -2.720272  6.214609 -2.727926 
    ##      1497      1942      2066      2318      2328      2353      2427 
    ##  4.404072 -3.491506 -2.709135 -2.676790 -2.820549 -2.752008 -2.513060 
    ##      2440      2590      2600      2637      2646      2659      2714 
    ## -2.790105  2.844144  3.576842  3.064566 -4.583253 -4.260000  3.520411 
    ##      2726      2727      3036 
    ##  3.925248  3.433304  2.853765

``` r
# 282, 1221, 1366
```

Cook's Distance
---------------

``` r
# step model
plot(step_model)
```

![](bm_finalproject_files/figure-markdown_github/unnamed-chunk-9-1.png)![](bm_finalproject_files/figure-markdown_github/unnamed-chunk-9-2.png)![](bm_finalproject_files/figure-markdown_github/unnamed-chunk-9-3.png)![](bm_finalproject_files/figure-markdown_github/unnamed-chunk-9-4.png)

``` r
# backward model
plot(back_model)
```

![](bm_finalproject_files/figure-markdown_github/unnamed-chunk-9-5.png)![](bm_finalproject_files/figure-markdown_github/unnamed-chunk-9-6.png)![](bm_finalproject_files/figure-markdown_github/unnamed-chunk-9-7.png)![](bm_finalproject_files/figure-markdown_github/unnamed-chunk-9-8.png)

``` r
# Observation 282, 1221, 1366 should be looked at 
```

Various Measures of Influence
-----------------------------

``` r
influence.measures(step_model)
```

    ## Influence measures of
    ##   lm(formula = target_death_rate ~ avg_ann_count + incidence_rate +      pop_est2015 + poverty_percent + percent_married + pct_bach_deg25_over +      pct_unemployed16_over + birth_rate + black_high_ind, data = num_df) :
    ## 
    ##         dfb.1_  dfb.av__  dfb.inc_  dfb.p_20  dfb.pvr_  dfb.prc_  dfb.p__2
    ## 2     2.41e-03 -1.76e-03 -3.76e-03 -5.38e-04  4.96e-03 -5.34e-03  1.23e-02
    ## 3     2.32e-02 -2.31e-03 -4.51e-02 -1.07e-03 -2.73e-03 -8.37e-04  7.78e-03
    ## 4     2.22e-03 -1.22e-04 -5.20e-03  5.77e-05 -6.23e-03  1.58e-03 -4.96e-03
    ## 5    -5.85e-03  1.87e-03  1.22e-02 -1.28e-03  1.92e-03 -3.52e-04 -7.47e-05
    ## 6     6.78e-03  4.27e-03 -1.91e-02 -1.30e-03  1.83e-02  3.46e-03 -4.21e-04
    ## 7     1.94e-02  2.18e-04 -7.55e-03 -4.09e-04 -2.64e-02 -1.79e-02 -1.17e-02
    ## 8     3.39e-03 -1.23e-03 -8.41e-03  5.25e-04  9.80e-04 -5.68e-05 -8.71e-04
    ## 9    -1.28e-02 -1.04e-03  4.20e-03  7.50e-04  1.27e-02  1.16e-02  7.69e-03
    ## 13    2.10e-02 -8.39e-03 -2.64e-02  4.27e-03 -2.36e-02 -6.61e-03 -3.24e-03
    ## 14    1.83e-04 -5.97e-05 -9.99e-04 -7.13e-04  9.13e-04  2.66e-04 -6.29e-04
    ## 15   -5.97e-05  1.30e-03 -7.52e-04  5.10e-04  1.82e-03 -1.24e-03  4.32e-03
    ## 16    6.24e-03 -4.07e-05  1.92e-03 -2.70e-04 -7.63e-03 -1.01e-02 -1.96e-03
    ## 17    5.41e-04  8.38e-05 -8.19e-04 -7.86e-05  2.74e-04 -2.52e-05 -1.03e-03
    ## 18   -2.63e-02  1.21e-02  3.41e-03 -7.88e-03  4.53e-02 -1.10e-03  3.72e-02
    ## 19   -1.17e-02  2.91e-03  2.30e-03 -1.12e-03  2.88e-03  1.37e-02 -1.57e-03
    ## 20    3.36e-03  1.11e-03 -7.19e-03 -4.93e-05 -3.56e-03  3.77e-03 -1.35e-02
    ## 21    1.10e-03  9.38e-04  1.17e-02  5.82e-03 -4.27e-02  1.31e-02 -5.08e-02
    ## 22   -6.54e-03  2.29e-03  6.81e-03 -4.45e-03 -3.10e-03  6.06e-03  4.96e-03
    ## 23    3.09e-04  1.32e-04  1.08e-04 -2.73e-04 -3.06e-03 -1.59e-03  1.51e-03
    ## 25   -4.60e-02 -5.64e-03  4.46e-02  1.06e-02  4.87e-02  4.39e-02 -1.91e-02
    ## 27   -1.24e-03  6.50e-04 -9.44e-04 -5.49e-04  8.81e-04  1.57e-03  1.37e-03
    ## 28    3.13e-03 -3.06e-04  7.74e-03 -5.56e-04  1.22e-02 -1.21e-02  5.73e-03
    ## 31    1.84e-01  9.18e-03 -1.96e-01 -1.16e-02 -6.55e-02 -1.14e-01 -7.81e-02
    ## 32   -1.08e-02 -2.74e-03  1.07e-02  3.84e-03  2.40e-02  3.46e-03 -7.07e-03
    ## 34   -1.23e-01  9.58e-05  1.06e-01 -2.49e-03  4.24e-02  6.23e-02  9.38e-02
    ## 35   -3.44e-03 -5.04e-04  3.89e-03  5.61e-04  5.32e-03  2.18e-03  1.06e-03
    ## 36    2.71e-02 -1.61e-03  7.31e-04  8.69e-04 -7.61e-03 -3.04e-02 -1.97e-02
    ## 37   -8.55e-04  9.56e-04 -1.69e-03 -7.32e-04  1.84e-03  1.56e-03  1.09e-03
    ## 39   -2.75e-03 -6.96e-03  2.48e-02  5.61e-03 -8.13e-03 -6.48e-03 -3.21e-03
    ## 40   -4.39e-03 -3.18e-03  6.92e-03  3.04e-03  5.20e-03  3.90e-03 -1.01e-03
    ## 41    1.29e-02 -8.93e-03 -1.10e-02  4.45e-03 -2.35e-02 -9.47e-03  8.05e-03
    ## 42    2.05e-03  9.79e-03  2.26e-02 -7.85e-03  6.31e-03 -1.50e-02  1.56e-03
    ## 43   -1.21e-02 -5.78e-03  2.89e-02  5.77e-03  1.33e-02  1.61e-03 -3.85e-03
    ## 44   -1.84e-02 -1.78e-03  2.47e-02  3.36e-03  2.80e-02  1.39e-02 -7.95e-03
    ## 45   -3.14e-02 -6.42e-03  5.00e-02  9.21e-03  1.48e-02  2.23e-02 -2.63e-02
    ## 48   -1.09e-03 -5.42e-04  6.19e-04  6.20e-04  9.28e-04  2.38e-03 -6.97e-04
    ## 49   -3.79e-03 -1.58e-03  4.70e-03  1.86e-03  8.16e-03  5.43e-03 -7.37e-03
    ## 51    2.02e-02 -3.93e-03 -1.04e-03  2.74e-03 -1.70e-02 -2.46e-02 -1.51e-02
    ## 53   -1.54e-02  4.61e-03  4.85e-04 -7.52e-04 -1.72e-02  2.92e-02 -1.97e-02
    ## 54   -5.77e-03 -1.63e-03  4.89e-04  2.26e-03  8.81e-03  8.17e-03 -2.04e-03
    ## 58   -3.84e-02  7.75e-03  4.11e-02 -1.15e-02  2.80e-03  1.36e-02  4.90e-02
    ## 59    6.04e-03 -6.11e-03  3.04e-03  7.21e-03 -4.33e-03  6.22e-03 -2.66e-02
    ## 60    2.51e-03 -5.42e-04 -6.61e-03  9.02e-04  4.02e-03  3.06e-03 -3.22e-03
    ## 61   -7.44e-03  2.62e-03  3.80e-03 -3.47e-03 -3.08e-03  4.40e-04  1.32e-02
    ## 62    7.69e-04  3.67e-03 -6.89e-03 -3.51e-03  3.03e-03  2.75e-04  1.95e-03
    ## 63    1.55e-03 -6.96e-04  6.58e-03  1.18e-03  7.85e-03 -2.12e-03 -3.45e-03
    ## 64   -1.67e-03  9.47e-05  5.88e-03 -3.66e-04 -1.05e-02 -2.15e-03  8.68e-04
    ## 65    3.79e-03 -5.52e-03  1.19e-02  4.97e-03 -1.00e-02 -9.34e-03 -1.50e-02
    ## 68   -3.84e-05  2.05e-05  7.12e-05 -1.09e-05  2.75e-05  2.05e-05  5.97e-06
    ## 70    8.00e-04 -4.68e-04  2.09e-04  4.34e-04 -1.59e-03  1.62e-04 -2.24e-03
    ## 71   -5.53e-05 -3.82e-04  4.19e-04  3.89e-04  1.06e-03 -1.57e-05 -6.77e-04
    ## 72   -5.84e-03  2.32e-04  3.08e-03 -3.35e-04  7.32e-04  4.06e-03  6.72e-03
    ## 74    2.54e-04  9.14e-04 -3.07e-03 -1.03e-03  3.33e-05  7.56e-04  2.69e-03
    ## 75    1.13e-03  1.56e-03 -1.85e-03 -1.65e-03 -3.67e-03 -7.91e-04  3.03e-03
    ## 77   -4.43e-02 -2.45e-03  1.26e-02  9.04e-03  5.44e-02  5.35e-02 -2.50e-02
    ## 78    4.36e-03 -2.32e-03  3.31e-03  1.85e-03 -4.50e-03 -3.30e-03 -1.04e-02
    ## 79    6.11e-02 -2.26e-02 -3.32e-03  1.08e-02 -4.81e-02 -8.39e-02 -7.54e-03
    ## 80   -3.86e-03  1.16e-03  3.32e-03 -1.34e-03  2.70e-03  1.03e-03  4.37e-03
    ## 82    3.00e-04  2.92e-03 -5.89e-03 -2.95e-03  2.32e-03  4.52e-03 -7.44e-03
    ## 83    6.66e-03 -2.80e-03 -7.31e-03  2.78e-03 -5.57e-03 -1.32e-03 -5.70e-03
    ## 85    1.39e-03  1.95e-03 -1.79e-03 -1.55e-03  1.39e-03 -2.07e-03 -1.81e-03
    ## 86   -7.20e-03  1.02e-02 -1.40e-02 -9.68e-03  1.74e-02  7.50e-03  1.26e-02
    ## 87    1.43e-02  1.23e-02 -1.60e-02 -1.56e-02 -1.11e-02 -1.09e-02  1.91e-02
    ## 88    1.90e-03 -1.56e-03  1.23e-03  1.20e-03 -3.98e-03 -1.75e-03 -1.09e-03
    ## 89   -7.48e-03  4.36e-03 -3.34e-03 -4.00e-03  6.33e-03  7.21e-03  1.03e-02
    ## 91    6.04e-03 -9.03e-04 -1.64e-03  8.64e-04 -5.90e-03 -4.81e-03 -4.58e-03
    ## 93    9.62e-02 -1.03e-02 -8.42e-02  1.81e-03 -5.30e-02 -7.80e-02 -1.26e-02
    ## 94   -1.28e-02  2.53e-03  8.08e-03 -1.12e-03  6.28e-03  1.16e-02  9.66e-04
    ## 95   -5.24e-05  1.92e-05  1.08e-05 -8.27e-06  1.20e-05  6.93e-05 -3.64e-05
    ## 96    2.70e-02  1.34e-04 -6.08e-02 -4.86e-04 -1.33e-02  1.29e-02 -1.24e-02
    ## 97   -1.10e-02  6.20e-03 -8.23e-03 -5.92e-03  1.90e-02  9.48e-03  9.85e-03
    ## 98    1.32e-02  1.48e-02 -2.92e-02 -1.27e-02  1.02e-02  5.27e-04  1.44e-02
    ## 99   -1.03e-02  2.05e-03  3.03e-03 -1.63e-03  3.32e-03  9.82e-03  4.68e-03
    ## 101  -3.10e-04  5.40e-03 -1.96e-03 -4.17e-03  5.67e-03  2.12e-03 -2.36e-03
    ## 103   9.37e-03 -1.01e-02 -1.44e-02  1.20e-02 -5.83e-03  7.17e-03 -2.34e-02
    ## 104   3.38e-02  3.23e-04 -6.19e-02 -9.12e-05 -1.38e-02  9.65e-04 -1.16e-02
    ## 108  -1.15e-02 -9.24e-03  1.25e-03  6.84e-03  5.57e-03  1.66e-02  1.93e-02
    ## 109  -1.25e-03 -1.98e-03 -2.91e-03  4.71e-04  5.22e-03  7.62e-04  1.05e-02
    ## 110   6.73e-03  1.35e-02 -2.46e-02 -1.25e-02 -9.91e-04 -9.59e-03  9.16e-03
    ## 111   1.38e-02 -9.24e-03 -1.70e-02  6.23e-03 -2.33e-03 -7.06e-03  8.86e-03
    ## 113  -1.21e-02  3.35e-01 -3.90e-02 -3.69e-01  5.95e-02  1.29e-02  3.65e-02
    ## 114   1.11e-02 -6.13e-02  6.61e-03  5.89e-02  9.07e-03 -1.90e-02 -9.60e-03
    ## 115  -1.77e-02 -8.18e-02  9.23e-03  7.44e-02  2.20e-02  8.45e-03  2.72e-02
    ## 116   1.77e-01  2.89e-01 -8.30e-02 -2.92e-01 -1.69e-01 -1.85e-01 -7.23e-02
    ## 117  -8.67e-03  3.79e-02 -3.10e-03 -3.45e-02  5.19e-03  2.18e-02 -2.36e-03
    ## 118   2.18e-02  3.32e-02 -8.26e-03 -3.09e-02 -2.27e-02 -1.72e-02 -2.25e-02
    ## 119  -7.63e-02 -2.04e-01  3.71e-02  1.88e-01  1.88e-01  8.00e-02  1.50e-01
    ## 120   5.95e-02 -1.55e-01  1.40e-02  1.53e-01 -2.35e-02 -6.81e-02 -5.56e-02
    ## 121   9.38e-03  4.06e-02 -9.83e-03 -3.95e-02 -2.15e-02 -6.22e-03 -8.24e-03
    ## 122   1.05e-01  2.20e-01 -4.88e-02 -2.18e-01 -1.23e-01 -1.55e-01 -7.81e-02
    ## 123  -1.53e-02  9.29e-02 -1.14e-02 -8.71e-02 -9.80e-03  1.99e-02 -7.94e-03
    ## 124  -7.42e-02 -1.98e-01  1.29e-02  1.89e-01  6.07e-02  1.54e-01  7.08e-02
    ## 125  -6.61e-02 -1.46e-01  4.45e-02  1.44e-01  9.71e-02  2.91e-02  4.09e-02
    ## 127   7.26e-03  9.17e-03 -2.69e-03 -8.90e-03 -6.62e-03 -7.21e-03 -5.39e-03
    ## 128   9.53e-03  3.94e-02 -7.00e-03 -3.86e-02  3.28e-04 -1.27e-02  7.09e-04
    ## 130  -7.23e-03 -2.33e-03  5.16e-03  1.46e-03  1.51e-03  5.07e-03  7.30e-03
    ## 131  -6.75e-03  4.35e-03 -6.87e-03 -1.92e-03  7.59e-03  1.29e-02 -5.40e-03
    ## 132   2.01e-04 -1.03e-04  6.49e-05  8.19e-05 -1.68e-04 -2.37e-04 -1.85e-04
    ## 133  -4.69e-03  1.43e-03  1.21e-03 -5.46e-04  3.08e-03  6.00e-03 -2.18e-03
    ## 134   1.07e-03  3.86e-04  2.01e-03  9.36e-05 -3.23e-03 -2.81e-03  3.46e-03
    ## 135   7.13e-04 -1.14e-03  4.56e-03  4.91e-04 -2.75e-03 -3.07e-03  3.48e-03
    ## 137   3.75e-03 -2.73e-03  5.18e-03  1.28e-03 -4.26e-03 -8.14e-03  4.79e-03
    ## 138  -3.71e-03  1.54e-03 -1.03e-03 -9.24e-04  4.17e-03  3.96e-03  1.05e-03
    ## 139   1.91e-04 -4.90e-03 -5.06e-03  5.52e-03  1.04e-02  4.07e-03 -3.33e-03
    ## 140  -5.58e-03  1.47e-02  9.60e-04 -9.08e-03  7.53e-04  4.02e-03  1.51e-02
    ## 141   2.94e-04 -8.69e-04 -8.86e-04  7.59e-04  1.32e-03  7.20e-05 -6.17e-04
    ## 142  -1.24e-05 -1.09e-03 -9.81e-04  8.63e-04  1.09e-03  7.26e-04 -2.93e-04
    ## 143  -1.58e-02  8.00e-05  1.98e-02 -1.75e-03  9.90e-04  5.65e-03  1.41e-02
    ## 144  -1.57e-02 -4.31e-04 -1.08e-02  1.96e-03  1.68e-02  2.67e-02  1.47e-02
    ## 145  -1.21e-02 -6.19e-03  7.47e-03  1.09e-03  1.50e-02  1.66e-02 -5.05e-03
    ## 146  -5.38e-03  2.03e-03  1.55e-02 -2.48e-03 -1.84e-02  6.35e-04  3.57e-03
    ## 147  -1.74e-03  1.85e-03  2.91e-03 -2.30e-03  1.67e-05  2.14e-03 -3.81e-03
    ## 148   5.12e-03  2.56e-03 -4.85e-03 -8.16e-04  2.94e-03 -2.72e-03 -1.23e-02
    ## 149  -3.78e-04 -6.95e-03 -1.10e-02  6.70e-03  2.00e-02  7.61e-03 -1.09e-02
    ## 150   2.75e-05 -1.65e-04  1.61e-05  2.44e-05  2.57e-04 -5.76e-05 -1.88e-04
    ## 151  -9.36e-03  1.49e-02  1.13e-02 -1.12e-02 -2.24e-03  2.69e-03  1.52e-02
    ## 153   6.66e-04 -2.09e-03 -7.66e-04  1.61e-03  2.18e-05 -2.65e-04 -3.21e-04
    ## 154  -8.77e-03 -6.09e-03  6.27e-03  9.25e-04 -9.28e-04  9.12e-03 -3.31e-03
    ## 155  -1.75e-05 -6.21e-04  1.79e-03  1.35e-04 -2.87e-03 -7.71e-04 -4.74e-04
    ## 156  -5.36e-03 -6.26e-04  1.46e-03 -2.65e-04 -5.19e-03  5.66e-03  1.26e-02
    ## 157  -6.19e-03 -6.06e-03  1.15e-02  2.40e-03 -2.06e-02  1.07e-03  1.99e-02
    ## 158  -1.25e-02 -5.84e-03  4.51e-03  2.22e-03  2.74e-02  1.38e-02 -7.64e-04
    ## 159  -5.84e-04 -2.38e-03  3.45e-03  1.07e-03 -8.35e-03 -9.98e-04  4.44e-03
    ## 160  -1.70e-02 -1.47e-03  1.49e-02 -6.28e-03 -3.74e-03  1.99e-02 -7.27e-03
    ## 162  -9.65e-04  2.59e-04  3.70e-03 -1.74e-04 -4.84e-03  1.48e-03 -1.78e-03
    ## 163  -4.57e-02 -6.47e-03  6.48e-02  1.50e-02 -2.53e-02  6.35e-02 -1.28e-02
    ## 164  -1.22e-02  1.75e-03  3.52e-02  3.95e-03 -1.84e-02  9.62e-03 -2.45e-02
    ## 165  -2.35e-02  2.55e-03  3.77e-02 -4.51e-04  1.81e-03  1.55e-02 -1.37e-03
    ## 167   1.88e-02 -4.90e-04  1.53e-02  5.89e-04 -4.78e-02 -1.30e-02 -3.88e-02
    ## 168   6.89e-03 -1.65e-03 -4.14e-03  1.52e-03 -4.76e-03 -6.59e-03 -4.26e-03
    ## 171  -8.36e-03 -1.36e-03  1.84e-02  2.62e-03 -6.54e-03  4.89e-03 -1.27e-03
    ## 172  -2.94e-03  5.54e-04  3.20e-03 -7.52e-04  8.79e-04  1.47e-03  2.49e-03
    ## 173   1.92e-02  3.89e-03  3.17e-02  2.76e-03 -4.84e-02 -1.43e-02 -6.12e-02
    ## 180  -3.58e-02 -3.40e-03  4.19e-02  6.23e-03 -4.90e-03  2.85e-02  2.18e-03
    ## 181  -5.23e-03 -4.57e-04  9.67e-03  1.35e-03 -6.25e-03  3.75e-03 -3.35e-03
    ## 183  -6.51e-02  2.26e-03  7.26e-02 -3.99e-03  4.34e-03  4.66e-02  2.85e-02
    ## 188  -4.73e-02 -2.18e-04  5.57e-02  7.91e-03  1.16e-02  4.16e-02 -1.64e-02
    ## 189   1.42e-01  1.09e-02 -1.37e-01 -8.13e-03 -1.61e-01 -8.29e-02 -6.99e-02
    ## 190  -1.66e-02 -5.81e-04  1.40e-02  6.68e-04 -1.27e-05  1.14e-02  6.43e-03
    ## 191   1.13e-02 -6.53e-04  1.21e-02  1.45e-03 -2.43e-02 -9.53e-03 -1.51e-02
    ## 192  -4.36e-03 -1.47e-03 -1.56e-03  1.60e-03  3.45e-03  6.17e-03  5.55e-05
    ## 193  -9.08e-03  5.32e-03 -1.45e-02 -4.16e-03  5.44e-03  1.77e-02  1.25e-02
    ## 195  -2.01e-02 -7.83e-03 -1.51e-02  7.37e-03  4.97e-03  3.66e-02  1.23e-03
    ## 197  -4.70e-02  8.44e-03 -3.25e-03 -5.66e-03  4.53e-02  5.47e-02  2.85e-02
    ## 199  -3.71e-04  8.69e-04 -7.69e-03 -9.41e-04 -3.99e-03  4.56e-03  8.90e-04
    ## 200  -4.14e-03  5.41e-03 -2.27e-02 -5.65e-03  3.28e-03  1.24e-02  1.62e-02
    ## 202   8.91e-03  9.79e-03  5.45e-02 -1.15e-02 -4.25e-02 -3.54e-02 -1.58e-02
    ## 203  -1.93e-02 -1.02e-02 -1.32e-05  3.58e-03 -2.31e-02  3.90e-02  1.08e-02
    ## 204  -3.08e-03 -1.25e-03 -2.06e-03 -1.47e-04 -6.96e-04  5.02e-03  7.81e-03
    ## 205   1.08e-02 -4.39e-03 -2.02e-02  2.34e-03 -8.21e-03 -1.46e-03 -8.83e-03
    ## 206  -1.19e-02 -1.79e-02  1.59e-02  9.87e-03 -3.63e-02  1.30e-02  9.44e-03
    ## 207   7.60e-04  1.30e-03 -2.19e-03 -1.10e-03  2.45e-03 -1.10e-03  1.82e-03
    ## 210  -2.22e-02 -5.03e-02 -3.05e-02  4.34e-02 -4.09e-03  3.00e-02  9.88e-02
    ## 211   1.99e-03 -3.56e-03 -1.42e-03  2.04e-03 -1.28e-02  4.02e-03 -6.88e-03
    ## 212   5.30e-03 -5.24e-05 -5.11e-03 -2.96e-04  1.61e-03 -3.95e-03 -5.16e-03
    ## 213  -4.02e-03  3.67e-03 -1.81e-03 -2.53e-03  5.94e-03  5.38e-03  1.49e-03
    ## 214   1.42e-02  4.10e-03  1.21e-03 -3.24e-03 -6.73e-03 -3.38e-02 -8.78e-04
    ## 215   2.68e-02  1.07e-03 -8.88e-03 -3.21e-03  4.75e-03 -2.26e-02 -2.42e-02
    ## 216  -1.73e-02 -6.68e-03  2.31e-02  3.75e-03  5.39e-03  1.81e-02  3.02e-03
    ## 217  -1.09e-03  3.67e-04  1.45e-03  1.93e-04 -4.41e-03  2.28e-03 -4.45e-03
    ## 218  -1.48e-05 -1.50e-03  3.65e-03  9.10e-04 -1.77e-03 -1.10e-03 -1.18e-03
    ## 219   2.41e-03 -1.65e-02 -8.02e-03  1.01e-02 -5.21e-02  3.46e-02 -1.43e-02
    ## 220  -4.11e-02 -1.07e-02  5.07e-02  2.53e-03  3.22e-02  1.12e-02  2.54e-02
    ## 221  -4.03e-02 -5.94e-03  5.14e-03  2.48e-03  1.15e-02  4.71e-02  2.17e-02
    ## 222   1.27e-03  4.69e-04 -2.34e-03 -2.24e-05 -1.64e-03  7.01e-04 -3.75e-04
    ## 223   2.09e-03  4.37e-03 -8.01e-03 -2.00e-03  1.29e-02 -7.54e-03  4.23e-03
    ## 224   7.80e-03 -3.65e-03 -5.86e-03  3.63e-03 -7.70e-03 -3.17e-03 -1.42e-02
    ## 225   5.82e-03  1.96e-03 -1.59e-02 -1.30e-03  7.76e-03  3.95e-03 -4.10e-03
    ## 227   9.94e-05 -6.19e-03  4.21e-04  3.40e-03 -1.34e-02  4.55e-03  1.71e-03
    ## 229  -1.06e-02  3.21e-03  6.52e-03 -8.90e-04  1.96e-02  6.50e-03  6.50e-03
    ## 230   6.49e-03 -1.36e-02 -1.25e-02  1.37e-02 -1.29e-02  4.55e-05  5.10e-03
    ## 232  -1.05e-03 -7.42e-04 -8.46e-04  5.52e-04  7.25e-04  2.21e-03  1.65e-03
    ## 233  -8.75e-03  4.64e-03  6.46e-04 -2.26e-03  6.60e-03  1.26e-02  1.49e-02
    ## 235   1.46e-02 -1.66e-03 -1.84e-02  1.21e-03 -4.91e-03 -6.13e-03 -4.64e-03
    ## 236  -5.23e-03  1.89e-03  6.70e-03 -1.87e-03  3.89e-03 -1.06e-04  2.28e-03
    ## 238   6.08e-03  8.54e-03 -6.57e-02 -5.29e-03  3.11e-02  4.17e-02 -9.93e-03
    ## 240   2.43e-02 -1.73e-03 -3.14e-02  3.28e-03  1.72e-02 -1.08e-02 -1.93e-02
    ## 241   3.57e-03 -3.07e-04 -2.51e-03  5.10e-05 -2.66e-03 -2.12e-03 -2.93e-03
    ## 242   1.05e-04 -2.82e-03 -7.56e-04  2.09e-03 -5.87e-03  2.12e-03  2.91e-04
    ## 243  -5.26e-04 -1.55e-02 -2.77e-03  1.10e-02 -2.65e-02  9.82e-03  1.14e-02
    ## 244   9.69e-04 -2.52e-03 -6.51e-03 -8.30e-05 -1.01e-02  4.06e-03  1.31e-03
    ## 246   2.09e-02  4.48e-04 -4.89e-02  2.40e-03  1.40e-02  5.34e-03 -2.35e-02
    ## 247   5.23e-02 -1.68e-02 -2.08e-02  1.12e-02 -5.59e-02 -4.55e-02 -2.32e-02
    ## 248   3.30e-03 -1.74e-03 -4.31e-03  1.12e-03 -1.16e-03 -7.52e-04  6.74e-04
    ## 249  -1.17e-02  1.85e-03  4.92e-03  2.67e-04  1.42e-02  7.26e-03  9.94e-03
    ## 250   6.19e-02  6.23e-03 -8.89e-02 -8.53e-03  8.20e-03 -2.86e-02 -2.24e-02
    ## 251  -5.09e-03  1.46e-03  4.28e-03 -1.19e-03  5.32e-03 -4.59e-04  6.81e-03
    ## 255  -3.89e-02 -4.15e-02  1.27e-01  3.47e-02 -3.31e-03 -4.83e-02 -2.59e-03
    ## 256   8.01e-02  3.74e-02 -2.55e-01 -1.37e-02 -1.34e-01  7.98e-02 -1.11e-01
    ## 257   3.77e-03 -6.11e-03 -1.40e-03  4.84e-03 -1.94e-02 -8.44e-04  1.98e-03
    ## 258  -4.44e-02  1.57e-02 -9.52e-03 -5.96e-03  7.03e-02  4.10e-02  3.61e-02
    ## 260  -9.44e-04 -6.39e-03  1.18e-05  1.75e-03 -5.62e-03 -1.06e-03  2.27e-02
    ## 261   3.35e-02 -6.66e-03 -4.54e-03 -1.15e-02 -1.86e-02 -6.46e-02  2.68e-02
    ## 262  -1.56e-02  1.10e-02 -2.74e-02 -1.76e-03  1.56e-02  4.22e-02 -1.29e-02
    ## 263   5.88e-04 -6.40e-05  8.93e-05 -2.88e-05 -6.77e-04 -7.64e-04 -2.37e-04
    ## 264   7.61e-04  3.22e-02 -1.64e-01 -8.57e-03 -1.43e-01  1.50e-01 -1.17e-01
    ## 265   4.85e-02 -1.29e-02  3.72e-02  3.41e-03 -6.14e-02 -8.29e-02 -4.62e-02
    ## 266  -9.64e-04 -2.06e-03  1.05e-02 -2.60e-03  1.90e-02 -1.65e-02  2.10e-02
    ## 267   1.65e-03 -5.50e-04 -2.47e-03  1.74e-04 -2.29e-03 -5.09e-04 -1.10e-04
    ## 268   1.51e-02 -2.38e-03 -3.28e-03  7.65e-04 -1.20e-02 -1.75e-02 -4.49e-03
    ## 269   3.60e-03 -8.94e-04  1.07e-03  2.42e-04 -1.10e-04 -7.80e-03  1.50e-03
    ## 272  -1.20e-03 -5.38e-03 -4.15e-04  3.17e-03 -6.22e-03  3.88e-03  8.36e-03
    ## 274   8.56e-03  7.87e-04 -6.94e-05 -5.36e-03  2.23e-02 -1.97e-02  1.80e-02
    ## 276   5.19e-03 -1.08e-03  7.95e-03 -8.33e-04 -8.79e-04 -1.43e-02  4.33e-04
    ## 277   1.06e-02 -5.43e-03  7.68e-03  3.43e-03 -1.13e-02 -1.56e-02 -2.94e-03
    ## 278  -9.33e-04  6.40e-03 -2.19e-02 -1.38e-03 -2.26e-03  1.35e-02 -8.36e-03
    ## 279   8.88e-04 -8.45e-03  5.17e-03  3.77e-03 -1.64e-02 -1.71e-03  3.28e-03
    ## 281  -5.47e-04 -1.18e-03  4.43e-03  9.42e-04 -8.71e-04 -1.32e-03 -1.45e-03
    ## 282   5.16e-01  2.35e-01 -1.41e+00 -1.28e-01 -1.86e-01  2.58e-01 -3.95e-01
    ## 283   7.72e-02 -9.14e-03 -3.97e-02 -6.51e-05 -5.84e-02 -7.34e-02 -2.65e-02
    ## 284   1.98e-03  4.64e-03  5.39e-02 -4.87e-03 -1.08e-02 -2.08e-02  3.34e-04
    ## 285   2.12e-02 -1.76e-03 -3.92e-02 -1.23e-03 -8.51e-03 -1.80e-03 -5.48e-04
    ## 286   1.31e-03  9.97e-04 -7.70e-04 -9.42e-04 -1.01e-03 -5.64e-04 -2.58e-03
    ## 290  -1.27e-02 -8.69e-03  1.09e-02  3.93e-03 -1.92e-04  5.23e-03  1.82e-02
    ## 291   2.41e-03 -5.30e-05 -1.23e-03 -1.68e-04 -2.73e-03 -1.32e-03 -2.79e-04
    ## 292   1.57e-02  7.18e-03 -5.90e-03 -7.38e-03 -1.45e-02 -2.25e-02 -3.65e-03
    ## 293  -5.94e-03 -9.34e-04  1.89e-02  2.67e-03 -5.38e-03  1.34e-03 -5.15e-03
    ## 296  -2.40e-03  1.63e-03  2.70e-03 -1.51e-03  3.52e-03  1.69e-03  1.98e-03
    ## 297   5.93e-03  9.40e-04 -1.17e-02  9.65e-05  3.13e-03  2.06e-03 -8.21e-04
    ## 298   2.80e-02  6.90e-03 -9.47e-03 -2.61e-03  3.99e-03 -2.48e-02 -3.45e-02
    ## 299   1.94e-02  4.86e-03 -1.17e-02 -1.45e-04 -6.63e-03 -1.04e-02 -3.04e-02
    ## 300  -1.22e-02  1.10e-02  5.91e-03  1.95e-02  1.14e-02  6.07e-03  2.25e-02
    ## 301  -9.56e-03  1.45e-03  7.74e-03  3.99e-04  4.12e-03  1.14e-02 -2.50e-04
    ## 302  -7.20e-03  4.03e-04  2.53e-03 -3.66e-04  7.91e-03  6.73e-03  1.89e-03
    ## 303   7.55e-03 -1.75e-03 -1.09e-02  7.72e-04 -5.81e-03 -2.71e-03  2.00e-03
    ## 304   1.30e-04  1.35e-04  6.49e-04 -3.55e-05  2.94e-04 -6.66e-04 -3.51e-05
    ## 306   1.74e-02 -3.28e-03 -3.10e-02  8.85e-04 -6.24e-03 -5.24e-03  3.12e-03
    ## 307   2.46e-02 -6.23e-03 -1.56e-02  3.91e-03 -3.11e-02 -1.98e-02 -5.19e-03
